----------------------------------------------------------------------------------------------------------------------------------------------------------------------------------------------------------
   0.0       1.0       0.0      0.7717  
   0.0       1.0       0.0     0.96354  
   0.0     0.88569     0.0     0.86762  
   0.0      0.9991     0.0     0.96224  
 0.00269     1.0       1.0     0.83898  
   0.0       1.0       0.0     0.82856  
   0.0       1.0       0.0     0.98307  
   0.0       1.0       0.0     0.88064  
   0.0       1.0       0.0     0.35113  
   0.0       1.0       0.0     0.96658  
   0.0     0.99731     0.0     0.64453  
 0.00103     1.0       1.0     0.57726  
   0.0     0.99207     0.0     0.86892  
 0.00366     1.0       1.0     0.64583  
 0.03211   0.99952    0.875    0.90799  
 0.07619     1.0       1.0      0.9579  
   0.0     0.99822     0.0     0.97309  
   0.0      0.9992     0.0     0.54514  
   0.0       1.0       0.0     0.78082  
   0.0     0.99544     0.0      0.8533  
   0.0       1.0       0.0     0.54948  
----------------------------------------------------------------------------------------------------------------------------------------------------------------------------------------------------------



