----------------------------------------------------------------------------------------------------------------------------------------------------------------------------------------------------------
 0.96008   0.90045   0.74047   0.91406  
   1.0     0.90041   0.27778   0.90408  
 0.86667   0.71896   0.12835   0.72569  
  0.8007   0.95045   0.69605   0.93186  
 0.75862   0.93277   0.22564   0.92839  
 0.97436   0.81545   0.08333   0.81814  
 0.99878   0.70034   0.64766   0.80642  
   0.0       1.0       0.0     0.96354  
   0.0       1.0       0.0     0.88064  
   0.0       1.0       0.0     0.96658  
 0.63313   0.99261   0.97913   0.86545  
 0.97312   0.87112   0.59247   0.88759  
 0.91284   0.86721   0.41807   0.87153  
 0.91489   0.85069   0.11316    0.852   
 0.99487    0.8924   0.87152   0.93576  
 0.99713   0.99841   0.99809   0.99783  
   0.0       1.0       0.0     0.54948  
   0.0       1.0       0.0     0.78082  
 0.97568   0.69063   0.34442   0.73134  
   0.0       1.0       0.0     0.35113  
   0.0       1.0       0.0     0.82856  
----------------------------------------------------------------------------------------------------------------------------------------------------------------------------------------------------------


